0.0, 0.0, 0.0
0.0, 0.0, 0.2
5.0, 5.0, 0.2
5.0, 150.0, 0.2
5.6, 150.0, 0.2
5.6, 5.0, 0.2
5.6, 5.0, 2.0
5.6, 5.0, 2.0
150.488, 140.119, 2.0
150.488, 140.119, 2.0
150.975, 140.151, 2.0
151.461, 140.204, 2.0
151.943, 140.278, 2.0
152.422, 140.374, 2.0
152.897, 140.49, 2.0
153.365, 140.626, 2.0
153.828, 140.783, 2.0
154.283, 140.96, 2.0
154.73, 141.157, 2.0
155.168, 141.373, 2.0
155.596, 141.608, 2.0
156.013, 141.861, 2.0
156.419, 142.132, 2.0
156.813, 142.421, 2.0
157.194, 142.727, 2.0
157.561, 143.048, 2.0
157.913, 143.386, 2.0
158.251, 143.739, 2.0
158.573, 144.106, 2.0
158.879, 144.487, 2.0
159.167, 144.88, 2.0
159.439, 145.286, 2.0
159.692, 145.704, 2.0
159.927, 146.132, 2.0
160.143, 146.57, 2.0
160.339, 147.017, 2.0
160.516, 147.472, 2.0
160.673, 147.934, 2.0
160.81, 148.403, 2.0
160.926, 148.877, 2.0
161.021, 149.356, 2.0
161.096, 149.839, 2.0
161.149, 150.324, 2.0
161.181, 150.811, 2.0
161.191, 151.3, 2.0
161.181, 151.788, 2.0
161.149, 152.275, 2.0
161.096, 152.76, 2.0
161.021, 153.243, 2.0
160.926, 153.722, 2.0
160.81, 154.196, 2.0
160.673, 154.665, 2.0
160.516, 155.127, 2.0
160.339, 155.582, 2.0
160.143, 156.029, 2.0
159.927, 156.467, 2.0
159.692, 156.895, 2.0
159.439, 157.313, 2.0
159.167, 157.719, 2.0
158.879, 158.112, 2.0
158.573, 158.493, 2.0
158.251, 158.86, 2.0
157.913, 159.213, 2.0
157.561, 159.551, 2.0
157.194, 159.873, 2.0
156.813, 160.178, 2.0
156.419, 160.467, 2.0
156.013, 160.738, 2.0
155.596, 160.992, 2.0
155.168, 161.226, 2.0
154.73, 161.442, 2.0
154.283, 161.639, 2.0
153.828, 161.816, 2.0
153.365, 161.973, 2.0
152.897, 162.11, 2.0
152.422, 162.226, 2.0
151.943, 162.321, 2.0
151.461, 162.395, 2.0
150.975, 162.448, 2.0
150.488, 162.48, 2.0
150.0, 162.491, 2.0
149.512, 162.48, 2.0
149.025, 162.448, 2.0
148.539, 162.395, 2.0
148.057, 162.321, 2.0
147.578, 162.226, 2.0
147.103, 162.11, 2.0
146.635, 161.973, 2.0
146.172, 161.816, 2.0
145.717, 161.639, 2.0
145.27, 161.442, 2.0
144.832, 161.226, 2.0
144.404, 160.992, 2.0
143.987, 160.738, 2.0
143.581, 160.467, 2.0
143.187, 160.178, 2.0
142.806, 159.873, 2.0
142.439, 159.551, 2.0
142.087, 159.213, 2.0
141.749, 158.86, 2.0
141.427, 158.493, 2.0
141.121, 158.112, 2.0
140.833, 157.719, 2.0
140.561, 157.313, 2.0
140.308, 156.895, 2.0
140.073, 156.467, 2.0
139.857, 156.029, 2.0
139.661, 155.582, 2.0
139.484, 155.127, 2.0
139.327, 154.665, 2.0
139.19, 154.196, 2.0
139.074, 153.722, 2.0
138.979, 153.243, 2.0
138.904, 152.76, 2.0
138.851, 152.275, 2.0
138.819, 151.788, 2.0
138.809, 151.3, 2.0
138.819, 150.811, 2.0
138.851, 150.324, 2.0
138.904, 149.839, 2.0
138.979, 149.356, 2.0
139.074, 148.877, 2.0
139.19, 148.403, 2.0
139.327, 147.934, 2.0
139.484, 147.472, 2.0
139.661, 147.017, 2.0
139.857, 146.57, 2.0
140.073, 146.132, 2.0
140.308, 145.704, 2.0
140.561, 145.286, 2.0
140.833, 144.88, 2.0
141.121, 144.487, 2.0
141.427, 144.106, 2.0
141.749, 143.739, 2.0
142.087, 143.386, 2.0
142.439, 143.048, 2.0
142.806, 142.727, 2.0
143.187, 142.421, 2.0
143.581, 142.132, 2.0
143.987, 141.861, 2.0
144.404, 141.608, 2.0
144.832, 141.373, 2.0
145.27, 141.157, 2.0
145.717, 140.96, 2.0
146.172, 140.783, 2.0
146.635, 140.626, 2.0
147.103, 140.49, 2.0
147.578, 140.374, 2.0
148.057, 140.278, 2.0
148.539, 140.204, 2.0
149.025, 140.151, 2.0
149.512, 140.119, 2.0
150.0, 140.108, 2.0
150.488, 140.119, 2.0
150.357, 143.117, 2.0
150.357, 143.117, 2.0
150.714, 143.14, 2.0
151.069, 143.179, 2.0
151.422, 143.233, 2.0
151.773, 143.303, 2.0
152.12, 143.388, 2.0
152.463, 143.488, 2.0
152.801, 143.603, 2.0
153.134, 143.732, 2.0
153.462, 143.876, 2.0
153.782, 144.034, 2.0
154.095, 144.206, 2.0
154.401, 144.392, 2.0
154.698, 144.59, 2.0
154.986, 144.802, 2.0
155.265, 145.025, 2.0
155.534, 145.261, 2.0
155.792, 145.508, 2.0
156.039, 145.766, 2.0
156.274, 146.035, 2.0
156.498, 146.313, 2.0
156.709, 146.602, 2.0
156.908, 146.899, 2.0
157.093, 147.204, 2.0
157.265, 147.518, 2.0
157.423, 147.838, 2.0
157.567, 148.165, 2.0
157.697, 148.498, 2.0
157.812, 148.837, 2.0
157.912, 149.18, 2.0
157.996, 149.527, 2.0
158.066, 149.877, 2.0
158.121, 150.23, 2.0
158.159, 150.586, 2.0
158.183, 150.942, 2.0
158.191, 151.3, 2.0
158.183, 151.657, 2.0
158.159, 152.013, 2.0
158.121, 152.369, 2.0
158.066, 152.722, 2.0
157.996, 153.072, 2.0
157.912, 153.419, 2.0
157.812, 153.763, 2.0
157.697, 154.101, 2.0
157.567, 154.434, 2.0
157.423, 154.761, 2.0
157.265, 155.082, 2.0
157.093, 155.395, 2.0
156.908, 155.7, 2.0
156.709, 155.998, 2.0
156.498, 156.286, 2.0
156.274, 156.564, 2.0
156.039, 156.833, 2.0
155.792, 157.091, 2.0
155.534, 157.338, 2.0
155.265, 157.574, 2.0
154.986, 157.798, 2.0
154.698, 158.009, 2.0
154.401, 158.207, 2.0
154.095, 158.393, 2.0
153.782, 158.565, 2.0
153.461, 158.723, 2.0
153.134, 158.867, 2.0
152.801, 158.996, 2.0
152.463, 159.111, 2.0
152.12, 159.211, 2.0
151.773, 159.296, 2.0
151.422, 159.366, 2.0
151.069, 159.42, 2.0
150.714, 159.459, 2.0
150.357, 159.482, 2.0
150.0, 159.49, 2.0
149.643, 159.482, 2.0
149.286, 159.459, 2.0
148.931, 159.42, 2.0
148.578, 159.366, 2.0
148.227, 159.296, 2.0
147.88, 159.211, 2.0
147.537, 159.111, 2.0
147.199, 158.996, 2.0
146.866, 158.867, 2.0
146.539, 158.723, 2.0
146.218, 158.565, 2.0
145.905, 158.393, 2.0
145.599, 158.207, 2.0
145.302, 158.009, 2.0
145.014, 157.798, 2.0
144.735, 157.574, 2.0
144.466, 157.338, 2.0
144.208, 157.091, 2.0
143.961, 156.833, 2.0
143.726, 156.564, 2.0
143.502, 156.286, 2.0
143.291, 155.998, 2.0
143.092, 155.7, 2.0
142.907, 155.395, 2.0
142.735, 155.082, 2.0
142.577, 154.761, 2.0
142.433, 154.434, 2.0
142.303, 154.101, 2.0
142.188, 153.763, 2.0
142.088, 153.419, 2.0
142.004, 153.072, 2.0
141.934, 152.722, 2.0
141.879, 152.369, 2.0
141.841, 152.013, 2.0
141.817, 151.657, 2.0
141.809, 151.3, 2.0
141.817, 150.942, 2.0
141.841, 150.586, 2.0
141.879, 150.23, 2.0
141.934, 149.877, 2.0
142.004, 149.527, 2.0
142.088, 149.18, 2.0
142.188, 148.837, 2.0
142.303, 148.498, 2.0
142.433, 148.165, 2.0
142.577, 147.838, 2.0
142.735, 147.518, 2.0
142.907, 147.204, 2.0
143.092, 146.899, 2.0
143.291, 146.602, 2.0
143.502, 146.313, 2.0
143.726, 146.035, 2.0
143.961, 145.766, 2.0
144.208, 145.508, 2.0
144.466, 145.261, 2.0
144.735, 145.025, 2.0
145.014, 144.802, 2.0
145.302, 144.59, 2.0
145.599, 144.392, 2.0
145.905, 144.206, 2.0
146.218, 144.034, 2.0
146.538, 143.876, 2.0
146.866, 143.732, 2.0
147.199, 143.603, 2.0
147.537, 143.488, 2.0
147.88, 143.388, 2.0
148.227, 143.303, 2.0
148.578, 143.233, 2.0
148.931, 143.179, 2.0
149.286, 143.14, 2.0
149.643, 143.117, 2.0
150.0, 143.109, 2.0
150.357, 143.117, 2.0
150.226, 146.115, 2.0
150.226, 146.115, 2.0
150.452, 146.129, 2.0
150.677, 146.154, 2.0
150.901, 146.189, 2.0
151.123, 146.233, 2.0
151.343, 146.287, 2.0
151.561, 146.35, 2.0
151.775, 146.423, 2.0
151.986, 146.505, 2.0
152.193, 146.596, 2.0
152.396, 146.696, 2.0
152.595, 146.805, 2.0
152.789, 146.922, 2.0
152.977, 147.048, 2.0
153.159, 147.182, 2.0
153.336, 147.324, 2.0
153.506, 147.473, 2.0
153.67, 147.63, 2.0
153.826, 147.793, 2.0
153.976, 147.964, 2.0
154.117, 148.14, 2.0
154.251, 148.323, 2.0
154.377, 148.511, 2.0
154.495, 148.705, 2.0
154.604, 148.903, 2.0
154.704, 149.106, 2.0
154.795, 149.313, 2.0
154.877, 149.525, 2.0
154.95, 149.739, 2.0
155.013, 149.956, 2.0
155.067, 150.176, 2.0
155.111, 150.398, 2.0
155.146, 150.622, 2.0
155.17, 150.847, 2.0
155.185, 151.073, 2.0
155.19, 151.3, 2.0
155.185, 151.526, 2.0
155.17, 151.752, 2.0
155.146, 151.977, 2.0
155.111, 152.201, 2.0
155.067, 152.423, 2.0
155.013, 152.643, 2.0
154.95, 152.86, 2.0
154.877, 153.075, 2.0
154.795, 153.286, 2.0
154.704, 153.493, 2.0
154.604, 153.696, 2.0
154.495, 153.895, 2.0
154.377, 154.088, 2.0
154.251, 154.276, 2.0
154.117, 154.459, 2.0
153.976, 154.636, 2.0
153.826, 154.806, 2.0
153.67, 154.969, 2.0
153.506, 155.126, 2.0
153.336, 155.275, 2.0
153.159, 155.417, 2.0
152.977, 155.551, 2.0
152.789, 155.677, 2.0
152.595, 155.794, 2.0
152.396, 155.903, 2.0
152.193, 156.003, 2.0
151.986, 156.094, 2.0
151.775, 156.177, 2.0
151.561, 156.249, 2.0
151.343, 156.313, 2.0
151.123, 156.366, 2.0
150.901, 156.411, 2.0
150.677, 156.445, 2.0
150.452, 156.47, 2.0
150.226, 156.485, 2.0
150.0, 156.489, 2.0
149.774, 156.485, 2.0
149.548, 156.47, 2.0
149.323, 156.445, 2.0
149.099, 156.411, 2.0
148.877, 156.366, 2.0
148.657, 156.313, 2.0
148.439, 156.249, 2.0
148.225, 156.177, 2.0
148.014, 156.094, 2.0
147.807, 156.003, 2.0
147.604, 155.903, 2.0
147.405, 155.794, 2.0
147.211, 155.677, 2.0
147.023, 155.551, 2.0
146.841, 155.417, 2.0
146.664, 155.275, 2.0
146.494, 155.126, 2.0
146.33, 154.969, 2.0
146.174, 154.806, 2.0
146.024, 154.636, 2.0
145.883, 154.459, 2.0
145.749, 154.276, 2.0
145.623, 154.088, 2.0
145.505, 153.895, 2.0
145.396, 153.696, 2.0
145.296, 153.493, 2.0
145.205, 153.286, 2.0
145.123, 153.075, 2.0
145.05, 152.86, 2.0
144.987, 152.643, 2.0
144.933, 152.423, 2.0
144.889, 152.201, 2.0
144.854, 151.977, 2.0
144.83, 151.752, 2.0
144.815, 151.526, 2.0
144.81, 151.3, 2.0
144.815, 151.073, 2.0
144.83, 150.847, 2.0
144.854, 150.622, 2.0
144.889, 150.398, 2.0
144.933, 150.176, 2.0
144.987, 149.956, 2.0
145.05, 149.739, 2.0
145.123, 149.525, 2.0
145.205, 149.313, 2.0
145.296, 149.106, 2.0
145.396, 148.903, 2.0
145.505, 148.705, 2.0
145.623, 148.511, 2.0
145.749, 148.323, 2.0
145.883, 148.14, 2.0
146.024, 147.964, 2.0
146.174, 147.793, 2.0
146.33, 147.63, 2.0
146.494, 147.473, 2.0
146.664, 147.324, 2.0
146.841, 147.182, 2.0
147.023, 147.048, 2.0
147.211, 146.922, 2.0
147.405, 146.805, 2.0
147.604, 146.696, 2.0
147.807, 146.596, 2.0
148.014, 146.505, 2.0
148.225, 146.423, 2.0
148.439, 146.35, 2.0
148.657, 146.287, 2.0
148.877, 146.233, 2.0
149.099, 146.189, 2.0
149.323, 146.154, 2.0
149.548, 146.129, 2.0
149.774, 146.115, 2.0
150.0, 146.11, 2.0
150.226, 146.115, 2.0
150.095, 149.112, 2.0
150.095, 149.112, 2.0
150.191, 149.119, 2.0
150.286, 149.129, 2.0
150.38, 149.144, 2.0
150.474, 149.162, 2.0
150.567, 149.185, 2.0
150.658, 149.212, 2.0
150.749, 149.242, 2.0
150.838, 149.277, 2.0
150.925, 149.315, 2.0
151.011, 149.358, 2.0
151.095, 149.404, 2.0
151.176, 149.453, 2.0
151.256, 149.506, 2.0
151.333, 149.563, 2.0
151.407, 149.623, 2.0
151.479, 149.686, 2.0
151.548, 149.752, 2.0
151.614, 149.821, 2.0
151.677, 149.892, 2.0
151.737, 149.967, 2.0
151.793, 150.044, 2.0
151.846, 150.123, 2.0
151.896, 150.205, 2.0
151.942, 150.289, 2.0
151.984, 150.374, 2.0
152.023, 150.462, 2.0
152.057, 150.551, 2.0
152.088, 150.641, 2.0
152.115, 150.733, 2.0
152.137, 150.826, 2.0
152.156, 150.919, 2.0
152.17, 151.014, 2.0
152.181, 151.109, 2.0
152.187, 151.204, 2.0
152.189, 151.3, 2.0
152.187, 151.395, 2.0
152.181, 151.49, 2.0
152.17, 151.585, 2.0
152.156, 151.68, 2.0
152.137, 151.773, 2.0
152.115, 151.866, 2.0
152.088, 151.958, 2.0
152.057, 152.048, 2.0
152.023, 152.137, 2.0
151.984, 152.225, 2.0
151.942, 152.31, 2.0
151.896, 152.394, 2.0
151.846, 152.476, 2.0
151.793, 152.555, 2.0
151.737, 152.632, 2.0
151.677, 152.707, 2.0
151.614, 152.779, 2.0
151.548, 152.848, 2.0
151.479, 152.914, 2.0
151.407, 152.977, 2.0
151.333, 153.036, 2.0
151.256, 153.093, 2.0
151.176, 153.146, 2.0
151.095, 153.195, 2.0
151.011, 153.241, 2.0
150.925, 153.284, 2.0
150.838, 153.322, 2.0
150.749, 153.357, 2.0
150.658, 153.387, 2.0
150.567, 153.414, 2.0
150.474, 153.437, 2.0
150.38, 153.456, 2.0
150.286, 153.47, 2.0
150.191, 153.48, 2.0
150.095, 153.487, 2.0
150.0, 153.489, 2.0
149.905, 153.487, 2.0
149.809, 153.48, 2.0
149.714, 153.47, 2.0
149.62, 153.456, 2.0
149.526, 153.437, 2.0
149.433, 153.414, 2.0
149.342, 153.387, 2.0
149.251, 153.357, 2.0
149.162, 153.322, 2.0
149.075, 153.284, 2.0
148.989, 153.241, 2.0
148.905, 153.195, 2.0
148.824, 153.146, 2.0
148.744, 153.093, 2.0
148.667, 153.036, 2.0
148.593, 152.977, 2.0
148.521, 152.914, 2.0
148.452, 152.848, 2.0
148.386, 152.779, 2.0
148.323, 152.707, 2.0
148.263, 152.632, 2.0
148.207, 152.555, 2.0
148.154, 152.476, 2.0
148.104, 152.394, 2.0
148.058, 152.31, 2.0
148.016, 152.225, 2.0
147.977, 152.137, 2.0
147.943, 152.048, 2.0
147.912, 151.958, 2.0
147.885, 151.866, 2.0
147.863, 151.773, 2.0
147.844, 151.68, 2.0
147.83, 151.585, 2.0
147.819, 151.49, 2.0
147.813, 151.395, 2.0
147.811, 151.3, 2.0
147.813, 151.204, 2.0
147.819, 151.109, 2.0
147.83, 151.014, 2.0
147.844, 150.919, 2.0
147.863, 150.826, 2.0
147.885, 150.733, 2.0
147.912, 150.641, 2.0
147.943, 150.551, 2.0
147.977, 150.462, 2.0
148.016, 150.374, 2.0
148.058, 150.289, 2.0
148.104, 150.205, 2.0
148.154, 150.123, 2.0
148.207, 150.044, 2.0
148.263, 149.967, 2.0
148.323, 149.892, 2.0
148.386, 149.821, 2.0
148.452, 149.752, 2.0
148.521, 149.686, 2.0
148.593, 149.623, 2.0
148.667, 149.563, 2.0
148.744, 149.506, 2.0
148.824, 149.453, 2.0
148.905, 149.404, 2.0
148.989, 149.358, 2.0
149.075, 149.315, 2.0
149.162, 149.277, 2.0
149.251, 149.242, 2.0
149.342, 149.212, 2.0
149.433, 149.185, 2.0
149.526, 149.162, 2.0
149.62, 149.144, 2.0
149.714, 149.129, 2.0
149.809, 149.119, 2.0
149.905, 149.112, 2.0
150.0, 149.11, 2.0
150.095, 149.112, 2.0
153.778, 127.169, 2.0
153.778, 127.169, 2.0
154.156, 127.008, 2.0
154.712, 126.798, 2.0
155.277, 126.612, 2.0
155.849, 126.45, 2.0
156.427, 126.312, 2.0
157.01, 126.199, 2.0
157.598, 126.111, 2.0
158.189, 126.048, 2.0
158.783, 126.011, 2.0
159.379, 125.998, 2.0
159.988, 126.011, 2.0
160.597, 126.051, 2.0
161.204, 126.118, 2.0
161.808, 126.211, 2.0
162.407, 126.33, 2.0
163.001, 126.475, 2.0
163.587, 126.646, 2.0
164.166, 126.842, 2.0
164.735, 127.064, 2.0
165.294, 127.31, 2.0
165.842, 127.58, 2.0
166.378, 127.874, 2.0
166.9, 128.191, 2.0
167.408, 128.53, 2.0
167.901, 128.891, 2.0
168.377, 129.274, 2.0
168.837, 129.677, 2.0
169.278, 130.099, 2.0
169.7, 130.54, 2.0
170.103, 131.0, 2.0
170.485, 131.476, 2.0
170.847, 131.969, 2.0
171.186, 132.477, 2.0
171.503, 132.999, 2.0
171.797, 133.535, 2.0
172.067, 134.082, 2.0
172.313, 134.642, 2.0
172.534, 135.211, 2.0
172.731, 135.789, 2.0
172.902, 136.376, 2.0
173.047, 136.969, 2.0
173.166, 137.569, 2.0
173.259, 138.172, 2.0
173.326, 138.78, 2.0
173.366, 139.389, 2.0
173.377, 139.902, 2.0
173.377, 172.778, 2.0
157.986, 175.032, 2.0
156.761, 170.941, 2.0
149.905, 178.105, 2.0
143.14, 170.827, 2.0
141.666, 175.131, 2.0
126.623, 172.625, 2.0
126.623, 139.904, 2.0
126.634, 139.406, 2.0
126.672, 138.813, 2.0
126.735, 138.222, 2.0
126.823, 137.634, 2.0
126.935, 137.05, 2.0
127.073, 136.472, 2.0
127.235, 135.9, 2.0
127.421, 135.335, 2.0
127.631, 134.779, 2.0
127.864, 134.233, 2.0
128.12, 133.696, 2.0
128.399, 133.171, 2.0
128.7, 132.659, 2.0
129.022, 132.159, 2.0
129.366, 131.674, 2.0
129.729, 131.204, 2.0
130.112, 130.749, 2.0
130.514, 130.311, 2.0
130.935, 129.891, 2.0
131.372, 129.489, 2.0
131.827, 129.106, 2.0
132.297, 128.742, 2.0
132.782, 128.399, 2.0
133.282, 128.077, 2.0
133.795, 127.776, 2.0
134.319, 127.497, 2.0
134.856, 127.241, 2.0
135.402, 127.008, 2.0
135.959, 126.798, 2.0
136.523, 126.612, 2.0
137.095, 126.45, 2.0
137.673, 126.312, 2.0
138.257, 126.199, 2.0
138.845, 126.111, 2.0
139.436, 126.048, 2.0
140.029, 126.011, 2.0
140.626, 125.998, 2.0
141.234, 126.011, 2.0
141.844, 126.051, 2.0
142.451, 126.118, 2.0
143.055, 126.211, 2.0
143.654, 126.33, 2.0
144.247, 126.475, 2.0
144.834, 126.646, 2.0
145.412, 126.842, 2.0
145.982, 127.064, 2.0
146.221, 127.169, 2.0
146.537, 127.077, 2.0
147.104, 126.938, 2.0
147.677, 126.824, 2.0
148.254, 126.736, 2.0
148.834, 126.672, 2.0
149.416, 126.634, 2.0
150.0, 126.621, 2.0
150.584, 126.634, 2.0
151.166, 126.672, 2.0
151.746, 126.736, 2.0
152.323, 126.824, 2.0
152.896, 126.938, 2.0
153.463, 127.077, 2.0
153.778, 127.169, 2.0
154.845, 129.975, 2.0
154.845, 129.975, 2.0
155.275, 129.792, 2.0
155.712, 129.627, 2.0
156.155, 129.481, 2.0
156.605, 129.354, 2.0
157.059, 129.246, 2.0
157.518, 129.157, 2.0
157.979, 129.088, 2.0
158.444, 129.038, 2.0
158.91, 129.009, 2.0
159.379, 128.999, 2.0
159.857, 129.009, 2.0
160.336, 129.04, 2.0
160.813, 129.093, 2.0
161.287, 129.166, 2.0
161.758, 129.259, 2.0
162.224, 129.373, 2.0
162.685, 129.508, 2.0
163.139, 129.662, 2.0
163.587, 129.836, 2.0
164.026, 130.029, 2.0
164.457, 130.242, 2.0
164.877, 130.472, 2.0
165.288, 130.721, 2.0
165.687, 130.988, 2.0
166.074, 131.272, 2.0
166.448, 131.572, 2.0
166.809, 131.889, 2.0
167.156, 132.221, 2.0
167.488, 132.568, 2.0
167.804, 132.928, 2.0
168.105, 133.303, 2.0
168.389, 133.69, 2.0
168.655, 134.089, 2.0
168.904, 134.499, 2.0
169.135, 134.92, 2.0
169.347, 135.351, 2.0
169.541, 135.79, 2.0
169.715, 136.237, 2.0
169.869, 136.692, 2.0
170.003, 137.153, 2.0
170.117, 137.619, 2.0
170.211, 138.09, 2.0
170.284, 138.564, 2.0
170.336, 139.041, 2.0
170.368, 139.52, 2.0
170.377, 139.935, 2.0
170.377, 170.185, 2.0
160.116, 171.688, 2.0
158.156, 165.143, 2.0
149.937, 173.733, 2.0
141.926, 165.115, 2.0
139.652, 171.754, 2.0
129.623, 170.083, 2.0
129.623, 139.936, 2.0
129.632, 139.533, 2.0
129.662, 139.067, 2.0
129.711, 138.603, 2.0
129.78, 138.141, 2.0
129.869, 137.682, 2.0
129.977, 137.228, 2.0
130.104, 136.779, 2.0
130.25, 136.335, 2.0
130.415, 135.898, 2.0
130.598, 135.469, 2.0
130.8, 135.047, 2.0
131.019, 134.635, 2.0
131.255, 134.232, 2.0
131.508, 133.84, 2.0
131.778, 133.458, 2.0
132.064, 133.089, 2.0
132.365, 132.732, 2.0
132.681, 132.388, 2.0
133.011, 132.058, 2.0
133.355, 131.742, 2.0
133.712, 131.441, 2.0
134.081, 131.155, 2.0
134.463, 130.885, 2.0
134.855, 130.632, 2.0
135.258, 130.396, 2.0
135.67, 130.177, 2.0
136.092, 129.975, 2.0
136.521, 129.792, 2.0
136.958, 129.627, 2.0
137.402, 129.481, 2.0
137.851, 129.354, 2.0
138.305, 129.246, 2.0
138.764, 129.157, 2.0
139.226, 129.088, 2.0
139.69, 129.038, 2.0
140.156, 129.009, 2.0
140.625, 128.999, 2.0
141.103, 129.009, 2.0
141.582, 129.04, 2.0
142.059, 129.093, 2.0
142.534, 129.166, 2.0
143.004, 129.259, 2.0
143.471, 129.373, 2.0
143.931, 129.508, 2.0
144.386, 129.662, 2.0
144.833, 129.836, 2.0
145.273, 130.029, 2.0
145.703, 130.242, 2.0
146.02, 130.415, 2.0
146.028, 130.412, 2.0
146.45, 130.248, 2.0
146.879, 130.102, 2.0
147.314, 129.975, 2.0
147.754, 129.868, 2.0
148.198, 129.779, 2.0
148.645, 129.711, 2.0
149.095, 129.661, 2.0
149.547, 129.632, 2.0
150.0, 129.622, 2.0
150.453, 129.632, 2.0
150.905, 129.661, 2.0
151.355, 129.711, 2.0
151.802, 129.779, 2.0
152.246, 129.868, 2.0
152.686, 129.975, 2.0
153.121, 130.102, 2.0
153.55, 130.248, 2.0
153.972, 130.412, 2.0
153.979, 130.415, 2.0
154.011, 130.396, 2.0
154.424, 130.177, 2.0
154.845, 129.975, 2.0
156.081, 132.71, 2.0
156.081, 132.71, 2.0
156.394, 132.576, 2.0
156.711, 132.456, 2.0
157.034, 132.35, 2.0
157.361, 132.257, 2.0
157.691, 132.179, 2.0
158.025, 132.114, 2.0
158.361, 132.064, 2.0
158.698, 132.028, 2.0
159.037, 132.007, 2.0
159.378, 131.999, 2.0
159.726, 132.007, 2.0
160.074, 132.03, 2.0
160.421, 132.068, 2.0
160.766, 132.121, 2.0
161.108, 132.189, 2.0
161.448, 132.272, 2.0
161.783, 132.37, 2.0
162.113, 132.482, 2.0
162.439, 132.608, 2.0
162.758, 132.749, 2.0
163.071, 132.903, 2.0
163.377, 133.071, 2.0
163.676, 133.252, 2.0
163.966, 133.446, 2.0
164.247, 133.653, 2.0
164.52, 133.871, 2.0
164.782, 134.101, 2.0
165.034, 134.343, 2.0
165.276, 134.595, 2.0
165.506, 134.857, 2.0
165.724, 135.129, 2.0
165.931, 135.411, 2.0
166.125, 135.701, 2.0
166.306, 136.0, 2.0
166.473, 136.306, 2.0
166.628, 136.619, 2.0
166.768, 136.938, 2.0
166.895, 137.264, 2.0
167.007, 137.594, 2.0
167.105, 137.929, 2.0
167.188, 138.268, 2.0
167.256, 138.611, 2.0
167.309, 138.956, 2.0
167.347, 139.303, 2.0
167.37, 139.651, 2.0
167.377, 139.967, 2.0
167.377, 167.593, 2.0
162.246, 168.344, 2.0
159.552, 159.346, 2.0
149.969, 169.36, 2.0
140.712, 159.403, 2.0
137.637, 168.377, 2.0
132.623, 167.542, 2.0
132.623, 139.968, 2.0
132.63, 139.66, 2.0
132.651, 139.321, 2.0
132.687, 138.984, 2.0
132.738, 138.648, 2.0
132.802, 138.314, 2.0
132.881, 137.984, 2.0
132.973, 137.657, 2.0
133.08, 137.335, 2.0
133.199, 137.017, 2.0
133.333, 136.705, 2.0
133.479, 136.398, 2.0
133.639, 136.098, 2.0
133.81, 135.805, 2.0
133.995, 135.52, 2.0
134.191, 135.243, 2.0
134.398, 134.974, 2.0
134.617, 134.714, 2.0
134.847, 134.464, 2.0
135.087, 134.224, 2.0
135.337, 133.994, 2.0
135.597, 133.775, 2.0
135.866, 133.567, 2.0
136.143, 133.371, 2.0
136.428, 133.187, 2.0
136.721, 133.015, 2.0
137.021, 132.856, 2.0
137.328, 132.71, 2.0
137.64, 132.576, 2.0
137.958, 132.456, 2.0
138.28, 132.35, 2.0
138.607, 132.257, 2.0
138.938, 132.179, 2.0
139.271, 132.114, 2.0
139.607, 132.064, 2.0
139.945, 132.028, 2.0
140.284, 132.007, 2.0
140.624, 131.999, 2.0
140.972, 132.007, 2.0
141.321, 132.03, 2.0
141.668, 132.068, 2.0
142.013, 132.121, 2.0
142.355, 132.189, 2.0
142.694, 132.272, 2.0
143.029, 132.37, 2.0
143.36, 132.482, 2.0
143.685, 132.608, 2.0
144.004, 132.749, 2.0
144.318, 132.903, 2.0
144.624, 133.071, 2.0
144.922, 133.252, 2.0
145.212, 133.446, 2.0
145.494, 133.653, 2.0
145.766, 133.871, 2.0
145.822, 133.921, 2.0
146.036, 133.778, 2.0
146.311, 133.611, 2.0
146.593, 133.456, 2.0
146.882, 133.314, 2.0
147.177, 133.184, 2.0
147.477, 133.067, 2.0
147.782, 132.964, 2.0
148.091, 132.874, 2.0
148.403, 132.797, 2.0
148.719, 132.735, 2.0
149.037, 132.686, 2.0
149.357, 132.651, 2.0
149.678, 132.63, 2.0
150.0, 132.623, 2.0
150.322, 132.63, 2.0
150.643, 132.651, 2.0
150.963, 132.686, 2.0
151.281, 132.735, 2.0
151.597, 132.797, 2.0
151.909, 132.874, 2.0
152.218, 132.964, 2.0
152.523, 133.067, 2.0
152.823, 133.184, 2.0
153.118, 133.314, 2.0
153.407, 133.456, 2.0
153.689, 133.611, 2.0
153.964, 133.778, 2.0
154.178, 133.921, 2.0
154.351, 133.775, 2.0
154.619, 133.567, 2.0
154.897, 133.371, 2.0
155.182, 133.187, 2.0
155.475, 133.015, 2.0
155.775, 132.856, 2.0
156.081, 132.71, 2.0
157.317, 135.444, 2.0
157.317, 135.444, 2.0
157.512, 135.361, 2.0
157.711, 135.286, 2.0
157.913, 135.219, 2.0
158.117, 135.161, 2.0
158.323, 135.112, 2.0
158.532, 135.072, 2.0
158.742, 135.04, 2.0
158.953, 135.018, 2.0
159.165, 135.005, 2.0
159.377, 135.0, 2.0
159.595, 135.005, 2.0
159.813, 135.019, 2.0
160.029, 135.043, 2.0
160.245, 135.076, 2.0
160.459, 135.119, 2.0
160.671, 135.17, 2.0
160.88, 135.231, 2.0
161.087, 135.302, 2.0
161.29, 135.381, 2.0
161.49, 135.468, 2.0
161.686, 135.565, 2.0
161.877, 135.67, 2.0
162.063, 135.783, 2.0
162.245, 135.904, 2.0
162.421, 136.033, 2.0
162.591, 136.17, 2.0
162.755, 136.314, 2.0
162.912, 136.464, 2.0
163.063, 136.622, 2.0
163.207, 136.786, 2.0
163.344, 136.956, 2.0
163.473, 137.132, 2.0
163.594, 137.314, 2.0
163.707, 137.5, 2.0
163.812, 137.691, 2.0
163.908, 137.887, 2.0
163.996, 138.087, 2.0
164.075, 138.29, 2.0
164.145, 138.496, 2.0
164.206, 138.706, 2.0
164.258, 138.918, 2.0
164.301, 139.132, 2.0
164.334, 139.347, 2.0
164.358, 139.564, 2.0
164.372, 139.782, 2.0
164.377, 140.0, 2.0
164.377, 165.0, 2.0
160.948, 153.548, 2.0
150.0, 164.988, 2.0
139.498, 153.691, 2.0
135.623, 165.0, 2.0
135.623, 140.0, 2.0
135.628, 139.788, 2.0
135.641, 139.576, 2.0
135.664, 139.365, 2.0
135.695, 139.155, 2.0
135.735, 138.947, 2.0
135.785, 138.74, 2.0
135.842, 138.536, 2.0
135.909, 138.334, 2.0
135.984, 138.136, 2.0
136.067, 137.94, 2.0
136.159, 137.749, 2.0
136.258, 137.562, 2.0
136.366, 137.378, 2.0
136.481, 137.2, 2.0
136.603, 137.027, 2.0
136.733, 136.859, 2.0
136.87, 136.697, 2.0
137.013, 136.54, 2.0
137.164, 136.39, 2.0
137.32, 136.247, 2.0
137.482, 136.11, 2.0
137.65, 135.98, 2.0
137.823, 135.857, 2.0
138.002, 135.742, 2.0
138.185, 135.635, 2.0
138.372, 135.535, 2.0
138.564, 135.444, 2.0
138.759, 135.361, 2.0
138.958, 135.286, 2.0
139.159, 135.219, 2.0
139.363, 135.161, 2.0
139.57, 135.112, 2.0
139.778, 135.072, 2.0
139.988, 135.04, 2.0
140.199, 135.018, 2.0
140.411, 135.005, 2.0
140.623, 135.0, 2.0
140.841, 135.005, 2.0
141.059, 135.019, 2.0
141.276, 135.043, 2.0
141.491, 135.076, 2.0
141.705, 135.119, 2.0
141.917, 135.17, 2.0
142.127, 135.231, 2.0
142.333, 135.302, 2.0
142.537, 135.381, 2.0
142.736, 135.468, 2.0
142.932, 135.565, 2.0
143.123, 135.67, 2.0
143.31, 135.783, 2.0
143.491, 135.904, 2.0
143.667, 136.033, 2.0
143.837, 136.17, 2.0
144.001, 136.314, 2.0
144.159, 136.464, 2.0
144.31, 136.622, 2.0
144.453, 136.786, 2.0
144.59, 136.956, 2.0
144.719, 137.132, 2.0
144.84, 137.314, 2.0
144.953, 137.5, 2.0
145.058, 137.691, 2.0
145.155, 137.887, 2.0
145.243, 138.087, 2.0
145.322, 138.29, 2.0
145.392, 138.496, 2.0
145.453, 138.706, 2.0
145.505, 138.918, 2.0
145.547, 139.132, 2.0
145.58, 139.347, 2.0
145.604, 139.564, 2.0
145.618, 139.782, 2.0
145.623, 140.0, 2.0
145.627, 139.809, 2.0
145.64, 139.619, 2.0
145.661, 139.429, 2.0
145.69, 139.24, 2.0
145.727, 139.053, 2.0
145.772, 138.867, 2.0
145.826, 138.684, 2.0
145.887, 138.503, 2.0
145.956, 138.325, 2.0
146.033, 138.15, 2.0
146.118, 137.979, 2.0
146.21, 137.812, 2.0
146.309, 137.648, 2.0
146.415, 137.49, 2.0
146.528, 137.336, 2.0
146.647, 137.187, 2.0
146.773, 137.043, 2.0
146.905, 136.905, 2.0
147.043, 136.773, 2.0
147.187, 136.647, 2.0
147.336, 136.528, 2.0
147.49, 136.415, 2.0
147.648, 136.309, 2.0
147.812, 136.21, 2.0
147.979, 136.118, 2.0
148.15, 136.033, 2.0
148.325, 135.956, 2.0
148.503, 135.887, 2.0
148.684, 135.826, 2.0
148.867, 135.772, 2.0
149.053, 135.727, 2.0
149.24, 135.69, 2.0
149.429, 135.661, 2.0
149.619, 135.64, 2.0
149.809, 135.627, 2.0
150.0, 135.623, 2.0
150.191, 135.627, 2.0
150.381, 135.64, 2.0
150.571, 135.661, 2.0
150.76, 135.69, 2.0
150.947, 135.727, 2.0
151.133, 135.772, 2.0
151.316, 135.826, 2.0
151.497, 135.887, 2.0
151.675, 135.956, 2.0
151.85, 136.033, 2.0
152.021, 136.118, 2.0
152.188, 136.21, 2.0
152.352, 136.309, 2.0
152.51, 136.415, 2.0
152.664, 136.528, 2.0
152.813, 136.647, 2.0
152.957, 136.773, 2.0
153.095, 136.905, 2.0
153.227, 137.043, 2.0
153.353, 137.187, 2.0
153.472, 137.336, 2.0
153.585, 137.49, 2.0
153.691, 137.648, 2.0
153.79, 137.812, 2.0
153.882, 137.979, 2.0
153.967, 138.15, 2.0
154.044, 138.325, 2.0
154.113, 138.503, 2.0
154.174, 138.684, 2.0
154.228, 138.867, 2.0
154.273, 139.053, 2.0
154.31, 139.24, 2.0
154.339, 139.429, 2.0
154.36, 139.619, 2.0
154.373, 139.809, 2.0
154.377, 140.0, 2.0
154.381, 139.788, 2.0
154.395, 139.576, 2.0
154.417, 139.365, 2.0
154.449, 139.155, 2.0
154.489, 138.947, 2.0
154.538, 138.74, 2.0
154.596, 138.536, 2.0
154.662, 138.334, 2.0
154.737, 138.136, 2.0
154.821, 137.94, 2.0
154.912, 137.749, 2.0
155.012, 137.562, 2.0
155.119, 137.378, 2.0
155.234, 137.2, 2.0
155.357, 137.027, 2.0
155.487, 136.859, 2.0
155.623, 136.697, 2.0
155.767, 136.54, 2.0
155.917, 136.39, 2.0
156.073, 136.247, 2.0
156.236, 136.11, 2.0
156.404, 135.98, 2.0
156.577, 135.857, 2.0
156.755, 135.742, 2.0
156.938, 135.635, 2.0
157.126, 135.535, 2.0
157.317, 135.444, 2.0
157.317, 135.444, 4.5
157.317, 135.444, 4.5
157.194, 135.503, 4.5
157.126, 135.535, 4.5
157.005, 135.599, 4.5
156.938, 135.635, 4.5
156.821, 135.704, 4.5
156.755, 135.742, 4.5
156.641, 135.816, 4.5
156.577, 135.857, 4.5
156.466, 135.936, 4.5
156.404, 135.98, 4.5
156.296, 136.063, 4.5
156.236, 136.11, 4.5
156.131, 136.198, 4.5
156.073, 136.247, 4.5
155.973, 136.339, 4.5
155.917, 136.39, 4.5
155.821, 136.487, 4.5
155.767, 136.54, 4.5
155.675, 136.641, 4.5
155.623, 136.697, 4.5
155.535, 136.801, 4.5
155.487, 136.859, 4.5
155.403, 136.967, 4.5
155.357, 137.027, 4.5
155.278, 137.138, 4.5
155.234, 137.2, 4.5
155.16, 137.315, 4.5
155.119, 137.378, 4.5
155.05, 137.496, 4.5
155.012, 137.562, 4.5
154.948, 137.682, 4.5
154.912, 137.749, 4.5
154.853, 137.872, 4.5
154.821, 137.94, 4.5
154.767, 138.066, 4.5
154.737, 138.136, 4.5
154.689, 138.263, 4.5
154.662, 138.334, 4.5
154.62, 138.464, 4.5
154.596, 138.536, 4.5
154.559, 138.667, 4.5
154.538, 138.74, 4.5
154.507, 138.873, 4.5
154.489, 138.947, 4.5
154.463, 139.081, 4.5
154.449, 139.155, 4.5
154.428, 139.29, 4.5
154.417, 139.365, 4.5
154.403, 139.501, 4.5
154.395, 139.576, 4.5
154.386, 139.712, 4.5
154.381, 139.788, 4.5
154.378, 139.924, 4.5
154.377, 140.0, 4.5
154.374, 139.877, 4.5
154.373, 139.809, 4.5
154.365, 139.687, 4.5
154.36, 139.619, 4.5
154.347, 139.497, 4.5
154.339, 139.429, 4.5
154.321, 139.307, 4.5
154.31, 139.24, 4.5
154.286, 139.12, 4.5
154.273, 139.053, 4.5
154.244, 138.933, 4.5
154.228, 138.867, 4.5
154.193, 138.749, 4.5
154.174, 138.684, 4.5
154.135, 138.568, 4.5
154.113, 138.503, 4.5
154.068, 138.389, 4.5
154.044, 138.325, 4.5
153.994, 138.213, 4.5
153.967, 138.15, 4.5
153.912, 138.04, 4.5
153.882, 137.979, 4.5
153.823, 137.871, 4.5
153.79, 137.812, 4.5
153.727, 137.707, 4.5
153.691, 137.648, 4.5
153.623, 137.546, 4.5
153.585, 137.49, 4.5
153.513, 137.391, 4.5
153.472, 137.336, 4.5
153.395, 137.24, 4.5
153.353, 137.187, 4.5
153.272, 137.094, 4.5
153.227, 137.043, 4.5
153.142, 136.954, 4.5
153.095, 136.905, 4.5
153.006, 136.82, 4.5
152.957, 136.773, 4.5
152.865, 136.692, 4.5
152.813, 136.647, 4.5
152.718, 136.57, 4.5
152.664, 136.528, 4.5
152.565, 136.455, 4.5
152.51, 136.415, 4.5
152.408, 136.347, 4.5
152.352, 136.309, 4.5
152.247, 136.245, 4.5
152.188, 136.21, 4.5
152.081, 136.151, 4.5
152.021, 136.118, 4.5
151.911, 136.063, 4.5
151.85, 136.033, 4.5
151.737, 135.984, 4.5
151.675, 135.956, 4.5
151.561, 135.912, 4.5
151.497, 135.887, 4.5
151.381, 135.848, 4.5
151.316, 135.826, 4.5
151.198, 135.791, 4.5
151.133, 135.772, 4.5
151.014, 135.743, 4.5
150.947, 135.727, 4.5
150.827, 135.703, 4.5
150.76, 135.69, 4.5
150.639, 135.671, 4.5
150.571, 135.661, 4.5
150.449, 135.647, 4.5
150.381, 135.64, 4.5
150.259, 135.632, 4.5
150.191, 135.627, 4.5
150.068, 135.625, 4.5
150.0, 135.623, 4.5
149.877, 135.626, 4.5
149.809, 135.627, 4.5
149.687, 135.635, 4.5
149.619, 135.64, 4.5
149.497, 135.653, 4.5
149.429, 135.661, 4.5
149.307, 135.679, 4.5
149.24, 135.69, 4.5
149.12, 135.714, 4.5
149.053, 135.727, 4.5
148.933, 135.756, 4.5
148.867, 135.772, 4.5
148.749, 135.807, 4.5
148.684, 135.826, 4.5
148.568, 135.865, 4.5
148.503, 135.887, 4.5
148.389, 135.932, 4.5
148.325, 135.956, 4.5
148.213, 136.006, 4.5
148.15, 136.033, 4.5
148.04, 136.088, 4.5
147.979, 136.118, 4.5
147.871, 136.177, 4.5
147.812, 136.21, 4.5
147.707, 136.273, 4.5
147.648, 136.309, 4.5
147.546, 136.377, 4.5
147.49, 136.415, 4.5
147.391, 136.487, 4.5
147.336, 136.528, 4.5
147.24, 136.605, 4.5
147.187, 136.647, 4.5
147.094, 136.728, 4.5
147.043, 136.773, 4.5
146.954, 136.858, 4.5
146.905, 136.905, 4.5
146.82, 136.994, 4.5
146.773, 137.043, 4.5
146.692, 137.135, 4.5
146.647, 137.187, 4.5
146.57, 137.282, 4.5
146.528, 137.336, 4.5
146.455, 137.435, 4.5
146.415, 137.49, 4.5
146.347, 137.592, 4.5
146.309, 137.648, 4.5
146.245, 137.753, 4.5
146.21, 137.812, 4.5
146.151, 137.919, 4.5
146.118, 137.979, 4.5
146.063, 138.089, 4.5
146.033, 138.15, 4.5
145.984, 138.263, 4.5
145.956, 138.325, 4.5
145.912, 138.439, 4.5
145.887, 138.503, 4.5
145.848, 138.619, 4.5
145.826, 138.684, 4.5
145.791, 138.802, 4.5
145.772, 138.867, 4.5
145.743, 138.986, 4.5
145.727, 139.053, 4.5
145.703, 139.173, 4.5
145.69, 139.24, 4.5
145.671, 139.361, 4.5
145.661, 139.429, 4.5
145.647, 139.551, 4.5
145.64, 139.619, 4.5
145.632, 139.741, 4.5
145.627, 139.809, 4.5
145.625, 139.932, 4.5
145.623, 140.0, 4.5
145.62, 139.86, 4.5
145.618, 139.782, 4.5
145.609, 139.642, 4.5
145.604, 139.564, 4.5
145.589, 139.425, 4.5
145.58, 139.347, 4.5
145.559, 139.209, 4.5
145.547, 139.132, 4.5
145.52, 138.994, 4.5
145.505, 138.918, 4.5
145.471, 138.782, 4.5
145.453, 138.706, 4.5
145.414, 138.571, 4.5
145.392, 138.496, 4.5
145.347, 138.364, 4.5
145.322, 138.29, 4.5
145.271, 138.159, 4.5
145.243, 138.087, 4.5
145.186, 137.958, 4.5
145.155, 137.887, 4.5
145.093, 137.761, 4.5
145.058, 137.691, 4.5
144.991, 137.568, 4.5
144.953, 137.5, 4.5
144.881, 137.38, 4.5
144.84, 137.314, 4.5
144.762, 137.197, 4.5
144.719, 137.132, 4.5
144.636, 137.019, 4.5
144.59, 136.956, 4.5
144.502, 136.847, 4.5
144.453, 136.786, 4.5
144.361, 136.681, 4.5
144.31, 136.622, 4.5
144.213, 136.521, 4.5
144.159, 136.464, 4.5
144.057, 136.367, 4.5
144.001, 136.314, 4.5
143.896, 136.221, 4.5
143.837, 136.17, 4.5
143.728, 136.082, 4.5
143.667, 136.033, 4.5
143.554, 135.95, 4.5
143.491, 135.904, 4.5
143.374, 135.826, 4.5
143.31, 135.783, 4.5
143.19, 135.71, 4.5
143.123, 135.67, 4.5
143.0, 135.602, 4.5
142.932, 135.565, 4.5
142.806, 135.503, 4.5
142.736, 135.468, 4.5
142.608, 135.412, 4.5
142.537, 135.381, 4.5
142.406, 135.33, 4.5
142.333, 135.302, 4.5
142.201, 135.256, 4.5
142.127, 135.231, 4.5
141.992, 135.192, 4.5
141.917, 135.17, 4.5
141.781, 135.137, 4.5
141.705, 135.119, 4.5
141.568, 135.091, 4.5
141.491, 135.076, 4.5
141.353, 135.055, 4.5
141.276, 135.043, 4.5
141.136, 135.028, 4.5
141.059, 135.019, 4.5
140.919, 135.01, 4.5
140.841, 135.005, 4.5
140.701, 135.002, 4.5
140.623, 135.0, 4.5
140.487, 135.003, 4.5
140.411, 135.005, 4.5
140.275, 135.013, 4.5
140.199, 135.018, 4.5
140.064, 135.032, 4.5
139.988, 135.04, 4.5
139.853, 135.061, 4.5
139.778, 135.072, 4.5
139.644, 135.098, 4.5
139.57, 135.112, 4.5
139.437, 135.144, 4.5
139.363, 135.161, 4.5
139.232, 135.199, 4.5
139.159, 135.219, 4.5
139.03, 135.262, 4.5
138.958, 135.286, 4.5
138.83, 135.334, 4.5
138.759, 135.361, 4.5
138.633, 135.414, 4.5
138.564, 135.444, 4.5
138.441, 135.503, 4.5
138.372, 135.535, 4.5
138.252, 135.599, 4.5
138.185, 135.635, 4.5
138.067, 135.704, 4.5
138.002, 135.742, 4.5
137.887, 135.816, 4.5
137.823, 135.857, 4.5
137.712, 135.936, 4.5
137.65, 135.98, 4.5
137.542, 136.063, 4.5
137.482, 136.11, 4.5
137.378, 136.198, 4.5
137.32, 136.247, 4.5
137.219, 136.339, 4.5
137.164, 136.39, 4.5
137.067, 136.487, 4.5
137.013, 136.54, 4.5
136.921, 136.641, 4.5
136.87, 136.697, 4.5
136.782, 136.801, 4.5
136.733, 136.859, 4.5
136.65, 136.967, 4.5
136.603, 137.027, 4.5
136.524, 137.138, 4.5
136.481, 137.2, 4.5
136.407, 137.315, 4.5
136.366, 137.378, 4.5
136.297, 137.496, 4.5
136.258, 137.562, 4.5
136.194, 137.682, 4.5
136.159, 137.749, 4.5
136.1, 137.872, 4.5
136.067, 137.94, 4.5
136.014, 138.066, 4.5
135.984, 138.136, 4.5
135.936, 138.263, 4.5
135.909, 138.334, 4.5
135.866, 138.464, 4.5
135.842, 138.536, 4.5
135.805, 138.667, 4.5
135.785, 138.74, 4.5
135.753, 138.873, 4.5
135.735, 138.947, 4.5
135.71, 139.081, 4.5
135.695, 139.155, 4.5
135.675, 139.29, 4.5
135.664, 139.365, 4.5
135.649, 139.501, 4.5
135.641, 139.576, 4.5
135.633, 139.712, 4.5
135.628, 139.788, 4.5
135.625, 139.924, 4.5
135.623, 140.0, 4.5
135.623, 156.071, 4.5
135.623, 165.0, 4.5
138.114, 157.73, 4.5
139.498, 153.691, 4.5
146.249, 160.954, 4.5
150.0, 164.988, 4.5
157.038, 157.634, 4.5
160.948, 153.548, 4.5
163.152, 160.91, 4.5
164.377, 165.0, 4.5
164.377, 148.929, 4.5
164.377, 140.0, 4.5
164.374, 139.86, 4.5
164.372, 139.782, 4.5
164.363, 139.642, 4.5
164.358, 139.564, 4.5
164.342, 139.425, 4.5
164.334, 139.347, 4.5
164.313, 139.209, 4.5
164.301, 139.132, 4.5
164.273, 138.994, 4.5
164.258, 138.918, 4.5
164.225, 138.782, 4.5
164.206, 138.706, 4.5
164.167, 138.571, 4.5
164.145, 138.496, 4.5
164.1, 138.364, 4.5
164.075, 138.29, 4.5
164.024, 138.159, 4.5
163.996, 138.087, 4.5
163.94, 137.958, 4.5
163.908, 137.887, 4.5
163.846, 137.761, 4.5
163.812, 137.691, 4.5
163.744, 137.568, 4.5
163.707, 137.5, 4.5
163.634, 137.38, 4.5
163.594, 137.314, 4.5
163.516, 137.197, 4.5
163.473, 137.132, 4.5
163.39, 137.019, 4.5
163.344, 136.956, 4.5
163.256, 136.847, 4.5
163.207, 136.786, 4.5
163.115, 136.681, 4.5
163.063, 136.622, 4.5
162.966, 136.521, 4.5
162.912, 136.464, 4.5
162.811, 136.367, 4.5
162.755, 136.314, 4.5
162.649, 136.221, 4.5
162.591, 136.17, 4.5
162.481, 136.082, 4.5
162.421, 136.033, 4.5
162.307, 135.95, 4.5
162.245, 135.904, 4.5
162.128, 135.826, 4.5
162.063, 135.783, 4.5
161.943, 135.71, 4.5
161.877, 135.67, 4.5
161.754, 135.602, 4.5
161.686, 135.565, 4.5
161.56, 135.503, 4.5
161.49, 135.468, 4.5
161.362, 135.412, 4.5
161.29, 135.381, 4.5
161.159, 135.33, 4.5
161.087, 135.302, 4.5
160.954, 135.256, 4.5
160.88, 135.231, 4.5
160.746, 135.192, 4.5
160.671, 135.17, 4.5
160.535, 135.137, 4.5
160.459, 135.119, 4.5
160.321, 135.091, 4.5
160.245, 135.076, 4.5
160.106, 135.055, 4.5
160.029, 135.043, 4.5
159.89, 135.028, 4.5
159.813, 135.019, 4.5
159.673, 135.01, 4.5
159.595, 135.005, 4.5
159.455, 135.002, 4.5
159.377, 135.0, 4.5
159.24, 135.003, 4.5
159.165, 135.005, 4.5
159.028, 135.013, 4.5
158.953, 135.018, 4.5
158.817, 135.032, 4.5
158.742, 135.04, 4.5
158.607, 135.061, 4.5
158.532, 135.072, 4.5
158.398, 135.098, 4.5
158.323, 135.112, 4.5
158.191, 135.144, 4.5
158.117, 135.161, 4.5
157.986, 135.199, 4.5
157.913, 135.219, 4.5
157.783, 135.262, 4.5
157.711, 135.286, 4.5
157.583, 135.334, 4.5
157.512, 135.361, 4.5
157.387, 135.414, 4.5
157.317, 135.444, 4.5
150.925, 149.315, 4.5
150.925, 149.315, 4.5
150.869, 149.291, 4.5
150.838, 149.277, 4.5
150.781, 149.255, 4.5
150.781, 149.255, 4.5
150.749, 149.242, 4.5
150.691, 149.223, 4.5
150.658, 149.212, 4.5
150.599, 149.195, 4.5
150.567, 149.185, 4.5
150.507, 149.17, 4.5
150.474, 149.162, 4.5
150.414, 149.15, 4.5
150.38, 149.144, 4.5
150.319, 149.134, 4.5
150.286, 149.129, 4.5
150.225, 149.122, 4.5
150.191, 149.119, 4.5
150.13, 149.115, 4.5
150.095, 149.112, 4.5
150.034, 149.111, 4.5
150.0, 149.11, 4.5
149.939, 149.112, 4.5
149.905, 149.112, 4.5
149.843, 149.116, 4.5
149.809, 149.119, 4.5
149.748, 149.125, 4.5
149.714, 149.129, 4.5
149.654, 149.138, 4.5
149.62, 149.144, 4.5
149.56, 149.156, 4.5
149.526, 149.162, 4.5
149.467, 149.177, 4.5
149.433, 149.185, 4.5
149.374, 149.202, 4.5
149.342, 149.212, 4.5
149.284, 149.231, 4.5
149.251, 149.242, 4.5
149.194, 149.265, 4.5
149.162, 149.277, 4.5
149.106, 149.302, 4.5
149.075, 149.315, 4.5
149.02, 149.343, 4.5
148.989, 149.358, 4.5
148.935, 149.387, 4.5
148.905, 149.404, 4.5
148.853, 149.436, 4.5
148.824, 149.453, 4.5
148.773, 149.487, 4.5
148.744, 149.506, 4.5
148.695, 149.543, 4.5
148.667, 149.563, 4.5
148.619, 149.601, 4.5
148.593, 149.623, 4.5
148.547, 149.663, 4.5
148.521, 149.686, 4.5
148.477, 149.728, 4.5
148.452, 149.752, 4.5
148.41, 149.796, 4.5
148.386, 149.821, 4.5
148.345, 149.867, 4.5
148.323, 149.892, 4.5
148.285, 149.94, 4.5
148.263, 149.967, 4.5
148.227, 150.016, 4.5
148.207, 150.044, 4.5
148.173, 150.095, 4.5
148.154, 150.123, 4.5
148.122, 150.176, 4.5
148.104, 150.205, 4.5
148.075, 150.259, 4.5
148.058, 150.289, 4.5
148.031, 150.344, 4.5
148.016, 150.374, 4.5
147.991, 150.431, 4.5
147.977, 150.462, 4.5
147.955, 150.519, 4.5
147.943, 150.551, 4.5
147.923, 150.609, 4.5
147.912, 150.641, 4.5
147.895, 150.7, 4.5
147.885, 150.733, 4.5
147.871, 150.793, 4.5
147.863, 150.826, 4.5
147.851, 150.886, 4.5
147.844, 150.919, 4.5
147.835, 150.98, 4.5
147.83, 151.014, 4.5
147.823, 151.075, 4.5
147.819, 151.109, 4.5
147.815, 151.17, 4.5
147.813, 151.204, 4.5
147.812, 151.265, 4.5
147.811, 151.3, 4.5
147.812, 151.361, 4.5
147.813, 151.395, 4.5
147.817, 151.456, 4.5
147.819, 151.49, 4.5
147.826, 151.551, 4.5
147.83, 151.585, 4.5
147.839, 151.646, 4.5
147.844, 151.68, 4.5
147.856, 151.74, 4.5
147.863, 151.773, 4.5
147.877, 151.833, 4.5
147.885, 151.866, 4.5
147.903, 151.925, 4.5
147.912, 151.958, 4.5
147.932, 152.016, 4.5
147.943, 152.048, 4.5
147.965, 152.106, 4.5
147.977, 152.137, 4.5
148.002, 152.194, 4.5
148.016, 152.225, 4.5
148.043, 152.28, 4.5
148.058, 152.31, 4.5
148.088, 152.364, 4.5
148.104, 152.394, 4.5
148.136, 152.447, 4.5
148.154, 152.476, 4.5
148.188, 152.527, 4.5
148.207, 152.555, 4.5
148.243, 152.605, 4.5
148.263, 152.632, 4.5
148.302, 152.68, 4.5
148.323, 152.707, 4.5
148.363, 152.753, 4.5
148.386, 152.779, 4.5
148.428, 152.823, 4.5
148.452, 152.848, 4.5
148.496, 152.89, 4.5
148.521, 152.914, 4.5
148.567, 152.954, 4.5
148.593, 152.977, 4.5
148.641, 153.015, 4.5
148.667, 153.036, 4.5
148.717, 153.073, 4.5
148.744, 153.093, 4.5
148.795, 153.127, 4.5
148.824, 153.146, 4.5
148.876, 153.178, 4.5
148.905, 153.195, 4.5
148.959, 153.225, 4.5
148.989, 153.241, 4.5
149.044, 153.269, 4.5
149.075, 153.284, 4.5
149.131, 153.308, 4.5
149.162, 153.322, 4.5
149.219, 153.344, 4.5
149.251, 153.357, 4.5
149.309, 153.376, 4.5
149.342, 153.387, 4.5
149.401, 153.405, 4.5
149.433, 153.414, 4.5
149.493, 153.429, 4.5
149.526, 153.437, 4.5
149.586, 153.449, 4.5
149.62, 153.456, 4.5
149.681, 153.465, 4.5
149.714, 153.47, 4.5
149.775, 153.477, 4.5
149.809, 153.48, 4.5
149.87, 153.484, 4.5
149.905, 153.487, 4.5
149.966, 153.488, 4.5
150.0, 153.489, 4.5
150.061, 153.487, 4.5
150.095, 153.487, 4.5
150.157, 153.483, 4.5
150.191, 153.48, 4.5
150.252, 153.474, 4.5
150.286, 153.47, 4.5
150.346, 153.461, 4.5
150.38, 153.456, 4.5
150.44, 153.444, 4.5
150.474, 153.437, 4.5
150.533, 153.422, 4.5
150.567, 153.414, 4.5
150.626, 153.397, 4.5
150.658, 153.387, 4.5
150.716, 153.368, 4.5
150.749, 153.357, 4.5
150.806, 153.335, 4.5
150.838, 153.322, 4.5
150.894, 153.297, 4.5
150.925, 153.284, 4.5
150.98, 153.257, 4.5
151.011, 153.241, 4.5
151.065, 153.212, 4.5
151.095, 153.195, 4.5
151.147, 153.164, 4.5
151.176, 153.146, 4.5
151.227, 153.112, 4.5
151.256, 153.093, 4.5
151.305, 153.057, 4.5
151.333, 153.036, 4.5
151.381, 152.998, 4.5
151.407, 152.977, 4.5
151.453, 152.936, 4.5
151.479, 152.914, 4.5
151.523, 152.871, 4.5
151.548, 152.848, 4.5
151.59, 152.803, 4.5
151.614, 152.779, 4.5
151.655, 152.732, 4.5
151.677, 152.707, 4.5
151.715, 152.659, 4.5
151.737, 152.632, 4.5
151.773, 152.583, 4.5
151.793, 152.555, 4.5
151.827, 152.504, 4.5
151.846, 152.476, 4.5
151.878, 152.423, 4.5
151.896, 152.394, 4.5
151.925, 152.34, 4.5
151.942, 152.31, 4.5
151.969, 152.255, 4.5
151.984, 152.225, 4.5
152.009, 152.169, 4.5
152.023, 152.137, 4.5
152.045, 152.08, 4.5
152.057, 152.048, 4.5
152.077, 151.99, 4.5
152.088, 151.958, 4.5
152.105, 151.899, 4.5
152.115, 151.866, 4.5
152.129, 151.807, 4.5
152.137, 151.773, 4.5
152.149, 151.713, 4.5
152.156, 151.68, 4.5
152.165, 151.619, 4.5
152.17, 151.585, 4.5
152.177, 151.524, 4.5
152.181, 151.49, 4.5
152.185, 151.429, 4.5
152.187, 151.395, 4.5
152.188, 151.334, 4.5
152.189, 151.3, 4.5
152.188, 151.238, 4.5
152.187, 151.204, 4.5
152.183, 151.143, 4.5
152.181, 151.109, 4.5
152.174, 151.048, 4.5
152.17, 151.014, 4.5
152.161, 150.953, 4.5
152.156, 150.919, 4.5
152.144, 150.859, 4.5
152.137, 150.826, 4.5
152.123, 150.766, 4.5
152.115, 150.733, 4.5
152.097, 150.674, 4.5
152.088, 150.641, 4.5
152.068, 150.583, 4.5
152.057, 150.551, 4.5
152.035, 150.494, 4.5
152.023, 150.462, 4.5
151.998, 150.406, 4.5
151.984, 150.374, 4.5
151.957, 150.319, 4.5
151.942, 150.289, 4.5
151.912, 150.235, 4.5
151.896, 150.205, 4.5
151.864, 150.152, 4.5
151.846, 150.123, 4.5
151.812, 150.072, 4.5
151.793, 150.044, 4.5
151.757, 149.994, 4.5
151.737, 149.967, 4.5
151.698, 149.919, 4.5
151.677, 149.892, 4.5
151.637, 149.846, 4.5
151.614, 149.821, 4.5
151.572, 149.776, 4.5
151.548, 149.752, 4.5
151.504, 149.709, 4.5
151.479, 149.686, 4.5
151.433, 149.645, 4.5
151.407, 149.623, 4.5
151.359, 149.584, 4.5
151.333, 149.563, 4.5
151.283, 149.526, 4.5
151.256, 149.506, 4.5
151.205, 149.472, 4.5
151.176, 149.453, 4.5
151.124, 149.421, 4.5
151.095, 149.404, 4.5
151.041, 149.374, 4.5
151.011, 149.358, 4.5
150.956, 149.331, 4.5
150.925, 149.315, 4.5
150.925, 149.315, 4.5
150.925, 149.315, 4.5
150.925, 149.315, 15.0
150.925, 149.315, 15.0
150.925, 149.315, 15.0
0.0, 0.0, 15.0
